# BRON: KONINKLIJK NEDERLANDS METEOROLOGISCH INSTITUUT (KNMI)
# Opmerking: door stationsverplaatsingen en veranderingen in waarneemmethodieken zijn deze tijdreeksen van dagwaarden mogelijk inhomogeen! Dat betekent dat deze reeks van gemeten waarden niet geschikt is voor trendanalyse. Voor studies naar klimaatverandering verwijzen we naar de gehomogeniseerde reeks maandtemperaturen van De Bilt <http://www.knmi.nl/kennis-en-datacentrum/achtergrond/gehomogeniseerde-reeks-maandtemperaturen-de-bilt> of de Centraal Nederland Temperatuur <http://www.knmi.nl/kennis-en-datacentrum/achtergrond/centraal-nederland-temperatuur-cnt>.
# 
# 
# STN      LON(east)   LAT(north)     ALT(m)  NAME
# 235:         4.781       52.928       1.20  DE KOOY
# 240:         4.790       52.318      -3.30  SCHIPHOL
# 260:         5.180       52.100       1.90  DE BILT
# 269:         5.520       52.458      -3.70  LELYSTAD
# 270:         5.752       53.224       1.20  LEEUWARDEN
# 290:         6.891       52.274      34.80  TWENTHE
# 370:         5.377       51.451      22.60  EINDHOVEN
# 380:         5.762       50.906     114.30  MAASTRICHT
# 
# YYYYMMDD = Datum (YYYY=jaar MM=maand DD=dag); 
# FG       = Etmaalgemiddelde windsnelheid (in 0.1 m/s); 
# TG       = Etmaalgemiddelde temperatuur (in 0.1 graden Celsius); 
# DR       = Duur van de neerslag (in 0.1 uur); 
# 
# STN,YYYYMMDD,   FG,   TG,   DR
# 
  235,20171001,   74,  141,    3
  235,20171002,   99,  155,   19
  235,20171003,   75,  142,    6
  235,20171004,  102,  137,   25
  235,20171005,  106,  135,   69
  235,20171006,   75,  125,   18
  235,20171007,   85,  137,   59
  235,20171008,   32,  127,    4
  235,20171009,   33,  135,    9
  235,20171010,   65,  148,    0
  235,20171011,  103,  154,   28
  235,20171012,   81,  141,    0
  235,20171013,   72,  156,    0
  235,20171014,   60,  154,    0
  235,20171015,   51,  165,    0
  235,20171016,   58,  184,    0
  235,20171017,   73,  141,    0
  235,20171018,   31,  131,    0
  235,20171019,   38,  156,    0
  235,20171020,   80,  140,   82
  235,20171021,   88,  131,   20
  235,20171022,   94,  122,   66
  235,20171023,   63,  126,   15
  235,20171024,   69,  153,   63
  235,20171025,   65,  141,    0
  235,20171026,   47,  137,    0
  235,20171027,   62,  124,    5
  235,20171028,  101,  133,    2
  235,20171029,   84,  110,   14
  235,20171030,   39,   97,    6
  235,20171031,   66,  118,   11
  240,20171001,   63,  140,    4
  240,20171002,   87,  157,   13
  240,20171003,   63,  139,   15
  240,20171004,   79,  136,   27
  240,20171005,  102,  133,   65
  240,20171006,   68,  118,   41
  240,20171007,   65,  127,   74
  240,20171008,   28,  127,    0
  240,20171009,   28,  125,   66
  240,20171010,   60,  145,    5
  240,20171011,   86,  148,   30
  240,20171012,   68,  135,    0
  240,20171013,   60,  152,    0
  240,20171014,   46,  152,    0
  240,20171015,   40,  160,    0
  240,20171016,   50,  182,    0
  240,20171017,   40,  129,    0
  240,20171018,   23,  143,    0
  240,20171019,   42,  160,    8
  240,20171020,   79,  135,   48
  240,20171021,   76,  129,   19
  240,20171022,   80,  115,   93
  240,20171023,   60,  128,   13
  240,20171024,   68,  154,   31
  240,20171025,   60,  141,    0
  240,20171026,   40,  138,    0
  240,20171027,   54,  117,    8
  240,20171028,   95,  130,    0
  240,20171029,   79,  104,   12
  240,20171030,   30,   83,    2
  240,20171031,   48,  110,    5
  260,20171001,   46,  141,    0
  260,20171002,   50,  156,   13
  260,20171003,   34,  136,    6
  260,20171004,   42,  130,   25
  260,20171005,   53,  129,   85
  260,20171006,   31,  116,   19
  260,20171007,   42,  122,   76
  260,20171008,   18,  121,    2
  260,20171009,   21,  121,   37
  260,20171010,   40,  143,   10
  260,20171011,   60,  148,    2
  260,20171012,   37,  134,    2
  260,20171013,   38,  153,    0
  260,20171014,   30,  148,    0
  260,20171015,   28,  158,    0
  260,20171016,   29,  186,    0
  260,20171017,   25,  129,    0
  260,20171018,   17,  137,    0
  260,20171019,   28,  157,    0
  260,20171020,   56,  137,   33
  260,20171021,   50,  132,    6
  260,20171022,   47,  108,  118
  260,20171023,   34,  126,    4
  260,20171024,   46,  153,   27
  260,20171025,   36,  142,    0
  260,20171026,   25,  140,    0
  260,20171027,   30,  118,    3
  260,20171028,   52,  124,   23
  260,20171029,   50,  107,   18
  260,20171030,   22,   83,    0
  260,20171031,   36,  101,    0
  269,20171001,   55,  143,    0
  269,20171002,   69,  154,    6
  269,20171003,   50,  136,    0
  269,20171004,   59,  128,   22
  269,20171005,   78,  129,   74
  269,20171006,   53,  121,   21
  269,20171007,   60,  121,   56
  269,20171008,   26,  115,    5
  269,20171009,   34,  120,   36
  269,20171010,   55,  140,   10
  269,20171011,   82,  145,   24
  269,20171012,   51,  130,    4
  269,20171013,   56,  148,    0
  269,20171014,   40,  152,    0
  269,20171015,   34,  162,    0
  269,20171016,   40,  185,    0
  269,20171017,   37,  129,    0
  269,20171018,   20,  137,    0
  269,20171019,   28,  161,    3
  269,20171020,   70,  138,   54
  269,20171021,   62,  129,    6
  269,20171022,   67,  112,   77
  269,20171023,   43,  120,    5
  269,20171024,   60,  150,   20
  269,20171025,   50,  137,    5
  269,20171026,   35,  133,    0
  269,20171027,   46,  119,    1
  269,20171028,   76,  126,   20
  269,20171029,   78,  106,   28
  269,20171030,   35,   91,    6
  269,20171031,   48,   98,   13
  270,20171001,   54,  139,    5
  270,20171002,   75,  150,   29
  270,20171003,   61,  135,    0
  270,20171004,   81,  132,   12
  270,20171005,  101,  125,   77
  270,20171006,   76,  118,   27
  270,20171007,   61,  125,   70
  270,20171008,   40,  115,    0
  270,20171009,   22,  119,   17
  270,20171010,   48,  137,    4
  270,20171011,   75,  145,   14
  270,20171012,   60,  125,    0
  270,20171013,   54,  145,    0
  270,20171014,   49,  154,    0
  270,20171015,   40,  159,    0
  270,20171016,   41,  174,    0
  270,20171017,   46,  126,    0
  270,20171018,   25,  121,    0
  270,20171019,   33,  151,    0
  270,20171020,   58,  139,   46
  270,20171021,   52,  122,    9
  270,20171022,   61,  115,   79
  270,20171023,   62,  119,    5
  270,20171024,   55,  145,   54
  270,20171025,   57,  132,    5
  270,20171026,   40,  125,    9
  270,20171027,   64,  116,    2
  270,20171028,   86,  127,    0
  270,20171029,  112,  100,    8
  270,20171030,   51,   86,    4
  270,20171031,   40,  101,   25
  290,20171001,   46,  137,    0
  290,20171002,   64,  152,   26
  290,20171003,   48,  128,    2
  290,20171004,   60,  123,   10
  290,20171005,   72,  120,   94
  290,20171006,   47,  107,   29
  290,20171007,   55,  109,   96
  290,20171008,   29,  105,    6
  290,20171009,   27,   99,   34
  290,20171010,   46,  137,   16
  290,20171011,   60,  143,   12
  290,20171012,   52,  128,    0
  290,20171013,   35,  145,    0
  290,20171014,   35,  154,    0
  290,20171015,   32,  161,    0
  290,20171016,   40,  186,    0
  290,20171017,   30,  132,    0
  290,20171018,   17,  132,    0
  290,20171019,   26,  152,    0
  290,20171020,   58,  140,   55
  290,20171021,   44,  125,   11
  290,20171022,   58,  105,   75
  290,20171023,   45,  106,    1
  290,20171024,   48,  144,   29
  290,20171025,   45,  142,    0
  290,20171026,   34,  133,   12
  290,20171027,   40,  109,    2
  290,20171028,   68,  111,   75
  290,20171029,   65,   94,   24
  290,20171030,   25,   67,    3
  290,20171031,   40,   84,   39
  370,20171001,   48,  145,    1
  370,20171002,   60,  158,   29
  370,20171003,   44,  129,    7
  370,20171004,   56,  126,    3
  370,20171005,   64,  123,   54
  370,20171006,   39,  105,   25
  370,20171007,   62,  110,   67
  370,20171008,   21,  120,    9
  370,20171009,   27,  125,    4
  370,20171010,   49,  145,    0
  370,20171011,   62,  147,    0
  370,20171012,   42,  129,    0
  370,20171013,   34,  153,    0
  370,20171014,   25,  155,    0
  370,20171015,   27,  165,    0
  370,20171016,   32,  190,    0
  370,20171017,   20,  141,    0
  370,20171018,   19,  148,    0
  370,20171019,   30,  167,    4
  370,20171020,   63,  139,    7
  370,20171021,   52,  134,    7
  370,20171022,   67,  103,   58
  370,20171023,   45,  119,    0
  370,20171024,   47,  150,   33
  370,20171025,   41,  143,    0
  370,20171026,   25,  134,   18
  370,20171027,   32,  113,    0
  370,20171028,   60,  112,   48
  370,20171029,   55,  100,   34
  370,20171030,   24,   76,    0
  370,20171031,   42,   92,    0
  380,20171001,   48,  141,    0
  380,20171002,   64,  156,   45
  380,20171003,   37,  120,   13
  380,20171004,   50,  120,    0
  380,20171005,   63,  120,   29
  380,20171006,   34,  101,    5
  380,20171007,   60,  100,   70
  380,20171008,   24,  118,   46
  380,20171009,   25,  125,    0
  380,20171010,   45,  138,   15
  380,20171011,   58,  143,    0
  380,20171012,   44,  135,    2
  380,20171013,   37,  156,    0
  380,20171014,   32,  163,    0
  380,20171015,   30,  171,    0
  380,20171016,   44,  192,    0
  380,20171017,   20,  149,    0
  380,20171018,   22,  149,    0
  380,20171019,   29,  168,    2
  380,20171020,   64,  137,   17
  380,20171021,   61,  132,   12
  380,20171022,   61,  100,   26
  380,20171023,   44,  114,    0
  380,20171024,   45,  140,   45
  380,20171025,   42,  150,    0
  380,20171026,   25,  142,   20
  380,20171027,   30,  110,    5
  380,20171028,   53,   98,   41
  380,20171029,   45,   92,   34
  380,20171030,   20,   70,    0
  380,20171031,   43,   84,    4
